1-5-0 0,1 0
4-11-0 1,0 2
1-20-0 3,0 4,0 5
4-15-0 6,1 6
2-6-0 7,1 7
6-7-0 8,1 8
2-19-1 1,1 2,1 3
6-17-1 4,2 4,3 4,2 3
2-3-1 5,2 5
4-15-2 0,2 1
1-9-2 2,3 2
6-12-2 6,2 7
1-23-2 8,3 8,3 7,3 6
2-11-3 0,4 0
6-5-3 1,4 1
2-6-3 3,4 3
4-11-3 5,4 5
4-15-4 2,5 2
1-17-4 4,5 4
6-13-4 6,4 7
4-9-4 8,5 8
6-8-5 0,6 0
1-7-5 1,6 1
6-15-5 3,6 3,6 2
2-11-5 5,6 5
1-8-5 6,5 7,6 7
4-11-6 4,7 4
4-3-6 6,7 6
6-39-6 8,7 8,8 8,7 7,8 7,8 6
4-16-7 0,7 1
2-17-7 2,7 3,8 2,8 3
1-13-7 5,8 5,8 4
6-8-8 0,8 1