1-7-0 0
2-19-0 1,0 2,0 3
1-25-0 4,0 5,1 4,1 5,2 4
2-12-0 6,1 6,2 6,2 5
1-25-0 7,0 8,1 7,2 7
5-7-1 0,1 1
4-9-1 2,1 3
2-10-1 8,2 8
1-17-2 0,3 0,4 0
2-12-2 1,2 2
5-9-2 3,3 3,3 2
4-10-3 1,4 1,4 2
2-10-3 4,4 4
1-20-3 5,3 6,4 5
5-12-3 7,3 8,4 8
1-12-4 3,5 3,5 4
2-17-4 6,4 7,5 6
2-14-5 0,6 0
5-15-5 1,5 2
5-12-5 5,6 5,7 5
1-12-5 7,5 8
1-7-6 1,6 2
2-11-6 3,6 4
4-19-6 6,6 7,7 6
2-10-6 8,7 8
5-18-7 0,7 1,7 2,7 3
1-3-7 4,7 5
1-11-7 7,8 7,8 8
1-12-8 0,8 1,8 2
2-28-8 3,8 4,8 5,8 6