1-9-0 0,0 1
6-13-0 2,0 3
2-17-0 4,0 5,1 5
1-24-0 6,0 7,1 6,1 7
2-10-0 8,1 8
6-10-1 0,2 0
2-6-1 1,1 2
1-9-1 3,1 4
5-16-2 1,2 2
6-6-2 3,2 4
5-10-2 5,2 6
2-4-2 7,3 7
6-5-2 8,3 8
1-12-3 0,4 0
6-9-3 1,4 1,5 1
1-7-3 2,4 2
2-10-3 3,3 4
6-18-3 5,3 6,4 6
5-11-4 3,5 3
1-4-4 4,5 4
2-15-4 5,5 5
1-21-4 7,4 8,5 8
5-15-5 0,6 0
2-11-5 2,6 2
5-9-5 6,6 6
2-7-5 7,6 7
1-14-6 1,7 1
6-23-6 3,6 4,6 5,7 5,7 4
6-17-6 8,7 8,8 8
6-5-7 0,8 0
5-28-7 2,7 3,8 3,8 2,8 1
2-15-7 6,8 6,8 5,8 4
5-15-7 7,8 7