1-5-0 0,0 1
5-11-0 2,1 2
4-9-0 3,0 4
5-18-0 5,1 5,1 6
1-12-0 6,0 7,1 7
3-22-0 8,1 8,2 8,2 7
4-15-1 0,2 0
3-6-1 1,2 1
1-15-1 3,1 4,2 4
4-10-2 2,2 3
4-12-2 5,2 6
5-12-3 0,4 0
1-14-3 1,3 2
5-3-3 3,3 4
3-9-3 5,3 6
5-15-3 7,3 8
3-9-4 1,5 1
4-6-4 2,4 3
1-16-4 4,4 5
4-16-4 6,5 6,5 5,5 4
3-14-4 7,5 7
4-21-4 8,5 8,6 8,6 7
1-9-5 0,6 0
1-7-5 2,5 3
5-16-6 1,6 2
4-31-6 3,7 3,8 3,7 4,8 4
5-4-6 4,6 5
1-21-6 6,7 6,7 5
4-18-7 0,7 1,8 0,8 1
3-9-7 2,8 2
3-3-7 7,7 8
5-9-8 5,8 6
1-8-8 7,8 8