5-15-0 0,0 1,0 2
3-16-0 3,0 4
6-9-0 5,0 6
5-11-0 7,1 7
1-18-0 8,1 8,2 8
3-6-1 0,1 1
6-16-1 2,1 3,1 4
5-3-1 5,2 5
3-7-1 6,2 6
1-15-2 0,3 0
5-19-2 1,2 2,3 2
3-10-2 3,3 3
1-6-2 4,3 4
6-10-2 7,3 7
3-7-3 1,4 1
3-9-3 5,4 5
1-12-3 6,4 6
5-3-3 8,4 8
6-12-4 0,5 0
1-10-4 2,5 2
5-26-4 3,5 3,4 4,5 4
3-13-4 7,5 7
5-10-5 1,6 1
6-12-5 5,5 6
1-10-5 8,6 8
3-10-6 0,7 0,8 0
6-22-6 2,6 3,6 4,7 3,7 4
3-15-6 5,7 5
5-8-6 6,6 7,7 7
1-18-7 1,7 2,8 1,8 2
1-19-7 6,8 6,8 5
6-21-7 8,8 8,8 7
3-7-8 3,8 4