1-12-0 0,1 0
3-13-0 1,1 1
1-9-0 2,1 2
4-10-0 3,0 4
3-4-0 5,1 5
4-22-0 6,1 6,2 6,2 5
6-7-0 7,1 7
4-11-0 8,1 8
6-16-1 3,1 4,2 4
6-6-2 0,3 0
4-18-2 1,2 2,2 3
3-12-2 7,2 8
1-10-3 1,4 1
3-10-3 2,3 3
1-12-3 4,3 5
6-18-3 6,3 7,4 7
1-7-3 8,4 8
4-8-4 0,5 0
6-12-4 2,5 2,6 2
1-15-4 3,5 3
3-10-4 4,5 4
4-9-4 5,4 6
3-13-5 1,6 1
6-30-5 5,6 5,7 5,8 5,8 4
1-11-5 6,5 7
6-13-5 8,6 8
6-15-6 0,7 0
4-12-6 3,7 3,8 3
1-5-6 4,7 4
4-13-6 6,6 7,7 7,7 8
1-7-7 1,7 2
1-15-7 6,8 6
3-11-8 0,8 1,8 2
6-9-8 7,8 8