1-9-0 0,0 1
4-13-0 2,1 2
5-14-0 3,1 3,2 3,2 2
1-13-0 4,1 4
3-12-0 5,0 6
5-9-0 7,1 7
1-5-0 8,1 8
5-13-1 0,2 0
3-7-1 1,2 1
4-14-1 5,2 5,2 4
1-9-1 6,2 6
4-17-2 7,2 8
4-16-3 0,3 1,4 0,4 1
3-9-3 2,4 2
1-13-3 3,4 3
5-15-3 4,3 5
3-7-3 6,4 6
1-15-3 7,3 8,4 8
4-10-4 4,5 4,6 4
1-7-4 5,5 5
4-18-4 7,5 7,5 6
1-11-5 0,5 1
5-12-5 2,5 3
3-13-5 8,6 8
3-8-6 0,6 1
1-10-6 2,6 3
3-12-6 5,6 6,7 6
1-12-6 7,7 7
5-15-7 0,7 1
4-7-7 2,7 3
1-34-7 4,7 5,8 2,8 3,8 4,8 5
4-15-7 8,8 6,8 7,8 8
3-11-8 0,8 1